19 19 22 19 1 19 1 19 1 19 21 1 19 19 22 22 19 19 22 19
1 23 1 23 1 23 22 21 1 23 22 21 21 1 5 42 23 23 0 39
21 1 23 23 35 9 39 30 42 25 42 35 31 39 30 42 35 4 39 41
25 42 6 0 39 32 42 26 39 13 42 36 39 25 17 11 25 25 39 35
0 25 1 23 1 22 21 1 23 25 25 17 11 25 25 39 25 21 35 31
35 9 39 30 42 25 42 35 31 39 30 42 35 4 39 41 42 25 42 25
19 1 22 21 1 22 19 19 22 19 1 19 22 19 22 21 1 19 19 19
23 21 1 23 23 21 21 1 23 23 23 1 23 1 23 1 23 1 23 1
19 1 22 21 1 19 19 19 1 19 21 1 22 22 22 19 19 19 22 19
35 9 39 30 42 25 42 35 31 39 30 42 35 4 39 41 42 25 42 25
42 11 25 8 14 42 25 17 11 25 8 14 42 25 39 11 25 8 14 42
23 35 4 39 41 42 25 42 0 39 1 33 23 10 19 22 21 1 19 19
1 23 1 1 22 21 21 1 5 42 23 23 35 4 39 41 42 25 42 0
35 9 39 30 42 25 42 35 31 35 4 39 39 30 42 30 42 25 42 6
42 8 14 42 25 14 42 11 25 8 14 42 25 39 11 25 8 14 14 42
14 14 11 25 25 17 25 21 35 31 39 30 42 25 42 6 0 39 32 42
1 23 1 23 23 1 23 1 23 1 23 1 23 1 23 21 1 23 23 1
19 22 21 1 19 19 19 19 22 22 22 1 19 21 1 22 22 1 19 1
35 31 39 30 42 25 42 6 0 39 32 42 26 39 13 42 36 39 25 17
35 9 39 30 42 25 42 35 31 39 30 42 35 4 39 41 42 25 42 25
35 37 34 14 42 0 39 1 23 1 22 21 1 5 42 23 23 0 39 1
23 1 22 21 23 25 23 1 23 1 23 1 23 1 23 1 23 1 23 1
35 31 39 30 42 25 42 6 0 39 32 42 26 39 13 42 36 39 25 17
19 19 21 27 21 1 23 23 1 23 1 23 1 23 1 23 1 23 1 23
19 1 19 19 1 22 1 22 21 1 22 21 1 22 21 1 19 19 19 21
21 1 23 23 0 39 1 33 23 10 19 22 21 1 19 19 19 19 22 19
35 9 39 30 42 25 42 35 31 39 30 42 35 4 39 41 42 25 42 25
21 1 23 24 39 17 21 1 42 23 35 4 39 41 42 25 42 21 0 39
14 0 39 1 23 1 23 1 23 1 23 1 23 1 23 1 23 1 23 1
1 23 1 23 1 23 1 23 1 23 1 23 21 1 23 23 21 1 23 1
35 9 39 30 42 25 42 35 31 39 30 42 35 4 39 41 42 25 42 25
19 1 22 21 21 1 19 19 22 19 1 22 19 19 1 19 1 19 1 22
39 41 42 25 42 0 39 1 33 23 10 19 1 19 1 19 22 19 22 21
35 9 39 30 42 25 42 35 31 39 30 42 35 4 39 41 42 25 42 25
35 9 39 30 42 25 42 35 31 39 30 42 35 4 39 41 42 25 42 25
19 29 27 21 1 28 25 42 25 42 11 25 25 39 0 25 1 23 1 22
23 35 9 39 30 42 25 42 35 31 39 30 42 35 4 39 41 42 25 42
21 1 23 23 35 4 39 41 42 25 42 21 0 39 1 23 1 25 1 23
1 19 1 19 19 1 19 1 19 1 19 19 22 19 22 19 1 22 21 1
22 19 1 19 1 19 1 19 1 19 1 19 1 22 22 21 21 1 23 25
19 21 19 21 19 19 1 19 1 19 1 19 1 19 1 19 1 22 1 22
25 42 11 25 8 14 42 25 42 11 25 8 14 42 25 14 42 11 25 8
23 35 4 39 41 42 25 42 0 39 1 33 23 10 19 22 21 1 19 19
33 23 10 19 22 21 1 19 19 19 1 19 19 19 1 19 1 22 1 19
35 9 39 30 42 25 42 35 31 39 30 42 35 4 39 41 42 25 42 25
35 9 39 30 42 25 42 35 31 39 30 42 6 30 14 42 25 42 0 39
25 25 39 0 25 1 23 1 22 21 23 1 23 1 23 1 23 1 23 1
1 33 23 10 19 22 21 1 23 35 31 39 30 42 25 30 42 6 0 39
1 23 1 23 1 23 1 23 1 23 1 23 21 1 23 23 1 22 21 21
25 25 17 25 21 11 25 8 14 42 25 14 42 11 25 8 14 42 25 39
1 23 1 23 21 1 23 23 23 1 23 21 1 23 23 1 23 1 23 1
41 42 25 42 0 39 1 33 23 10 19 22 21 1 41 42 25 42 25 42
19 1 22 21 21 1 5 42 23 23 0 39 1 33 23 10 19 22 21 1
35 9 39 30 42 25 42 35 31 39 30 42 35 40 39 41 42 25 42 25
35 9 39 30 42 25 42 35 31 39 30 42 35 4 39 41 42 25 42 25
35 9 39 30 42 25 42 35 31 39 30 42 35 4 39 41 42 25 42 25
11 25 8 14 42 25 39 11 25 8 14 14 42 25 23 1 0 39 1 33
42 11 25 8 14 42 25 14 42 11 25 8 14 42 25 39 11 25 8 14
26 39 13 42 36 39 32 42 2 14 42 11 25 8 14 42 25 39 11 25
35 9 39 30 42 25 42 35 31 35 4 39 39 30 42 41 42 25 42 25
19 22 19 22 19 1 19 22 1 22 21 1 19 19 1 19 22 21 1 19
0 39 1 23 1 1 22 1 22 21 21 1 5 42 23 23 0 39 1 33
39 15 42 11 25 8 14 42 25 14 42 11 25 8 14 42 25 39 11 25
42 12 39 18 42 12 39 15 42 11 8 14 42 25 14 42 11 25 8 14
23 22 21 23 23 1 23 1 23 23 23 1 23 1 23 21 23 23 1 23
35 9 39 30 42 25 42 35 31 39 30 42 35 4 39 41 42 25 42 25
35 9 39 30 42 25 42 35 31 35 4 39 39 30 42 41 42 25 42 25
25 14 42 11 25 8 14 42 25 39 11 25 8 14 14 25 42 25 21 1
35 9 39 30 42 25 42 35 31 39 30 42 35 4 39 41 42 25 42 25
35 9 39 30 42 25 42 35 31 39 30 42 35 4 39 41 42 25 42 25
39 1 23 35 9 39 30 42 25 42 35 31 35 4 39 39 30 42 35 4
35 9 39 30 42 25 42 35 31 39 30 42 35 4 39 41 42 25 42 23
25 42 11 25 8 14 42 25 14 42 11 25 8 14 42 25 39 11 25 8
35 9 39 30 42 25 42 35 31 35 4 39 39 30 42 35 4 39 41 42
35 31 39 30 42 25 42 6 0 39 32 42 26 39 13 42 36 39 25 17
35 9 39 30 42 25 42 35 31 39 30 42 35 4 39 41 42 25 42 11
19 19 1 19 1 19 1 19 1 19 1 19 1 19 19 1 19 22 19 1
21 1 23 23 0 39 1 33 23 10 19 22 21 1 19 1 19 19 1 22
25 17 11 25 25 39 25 21 35 31 39 30 42 25 25 6 1 0 39 32
23 35 4 39 41 42 25 42 0 39 1 23 1 22 21 23 25 23 1 23
25 39 14 0 39 1 23 1 22 21 1 5 42 23 23 0 39 1 23 1
1 19 21 1 22 19 19 19 21 1 22 22 19 19 21 1 22 19 19 1
35 9 39 30 42 25 42 35 31 39 30 42 35 4 39 41 42 25 42 25
19 1 19 1 19 19 21 19 19 1 19 1 19 19 19 1 22 19 1 19
1 23 1 23 1 22 21 21 1 28 14 23 25 14 42 11 25 25 39 25
35 9 39 30 42 25 42 35 31 35 4 39 17 35 4 39 41 42 25 42
22 22 21 1 23 35 4 39 1 33 23 23 23 23 23 23 23 23 23 23
14 14 42 25 21 20 39 39 35 37 39 30 42 25 42 34 14 42 0 39
35 9 39 30 42 25 42 35 31 39 30 42 35 4 39 41 42 25 42 25
35 9 39 30 42 25 42 35 31 39 30 42 35 4 39 41 42 25 42 25
23 35 9 39 30 42 25 42 35 31 39 30 42 35 4 39 41 42 25 42
42 26 39 13 42 36 39 32 42 2 2 3 39 39 39 16 42 12 39 18
1 19 1 22 21 1 22 19 19 19 1 22 19 1 22 19 1 22 19 1
35 9 39 30 42 25 42 35 31 39 30 42 35 4 39 41 42 25 42 25
35 9 39 30 42 25 42 35 31 35 4 39 39 30 42 41 42 25 42 23
19 1 19 1 19 1 19 22 19 1 19 1 19 1 19 1 19 1 22 1
21 21 42 23 24 39 35 4 39 41 42 25 42 39 0 39 1 23 1 23
0 39 1 23 1 22 21 1 5 42 23 35 4 39 41 42 25 42 0 39
42 11 25 8 14 42 25 14 42 11 25 8 14 42 25 39 11 25 8 14
35 9 39 30 42 25 42 35 31 39 30 42 35 4 39 41 42 25 42 25
35 9 39 30 42 25 42 35 31 39 30 42 35 4 39 41 42 25 42 25
35 9 39 30 42 25 42 35 31 39 30 42 35 4 39 41 42 25 42 25
23 35 9 39 30 42 25 42 35 31 39 30 42 35 4 39 41 42 25 42
35 9 39 30 42 25 42 6 0 39 32 42 26 39 13 42 36 39 25 17
25 39 14 0 39 1 23 1 22 21 1 5 42 23 23 0 39 1 33 23
19 22 22 1 19 19 19 19 1 22 21 1 22 19 19 21 1 19 19 21
35 9 39 30 42 25 42 35 31 39 30 42 35 4 39 41 42 25 42 25
21 21 1 23 1 23 1 23 1 23 1 23 21 23 23 1 23 23 23 1
25 14 42 11 25 25 39 25 21 35 31 39 30 42 25 42 6 0 39 32
25 42 11 25 8 14 42 25 14 42 11 25 8 14 42 25 39 11 25 8
1 23 1 23 1 23 1 23 1 23 1 23 1 23 21 1 23 23 1 23
35 31 39 30 42 25 42 6 0 39 32 42 26 39 13 42 36 39 25 39
8 14 14 42 0 39 1 23 0 39 1 23 1 22 21 1 17 24 39 21
35 31 39 30 42 25 42 6 0 39 32 42 26 39 13 42 36 39 25 17
19 1 1 19 1 19 19 1 22 1 22 21 1 19 19 22 19 1 22 21
1 23 23 1 23 1 23 1 23 1 23 1 23 21 1 23 23 21 1 23
39 30 42 25 42 21 0 39 1 23 1 22 21 21 1 23 23 0 39 1
35 31 39 30 42 25 42 6 0 39 32 42 26 39 13 42 36 39 25 17
22 1 19 21 1 22 19 19 29 27 21 21 1 23 19 22 21 1 19 19
35 9 39 30 42 25 42 35 31 39 30 42 35 4 39 41 42 25 42 25
39 1 23 35 4 39 41 42 25 42 0 39 1 23 1 22 21 35 4 39
35 9 39 30 42 25 42 35 31 39 30 42 35 4 39 41 42 25 42 25
26 39 13 42 36 39 32 42 2 2 3 39 39 39 16 42 12 18 42 12
35 31 39 30 42 25 42 6 0 39 32 42 26 39 13 42 36 39 25 17
35 9 39 30 42 25 42 35 31 35 4 39 35 5 42 23 35 4 39 41
22 19 1 19 19 19 22 19 22 21 1 19 1 19 19 1 22 1 19 19
39 1 23 1 22 21 21 35 31 39 30 42 35 4 39 41 42 25 42 25
1 23 21 1 42 23 24 39 35 4 39 41 42 25 42 0 39 39 35 37
25 17 11 25 25 39 25 42 14 42 25 42 25 42 25 42 38 25 8 14
0 39 1 23 1 22 21 21 1 5 42 23 23 35 4 39 23 23 35 4
35 9 39 30 42 25 42 35 31 39 30 42 35 4 39 41 42 25 42 25
1 19 1 19 19 1 19 1 19 1 19 1 19 1 22 21 21 1 23 23
23 35 9 39 30 42 25 1 35 31 39 30 42 35 4 39 41 42 25 42
23 35 9 39 30 42 25 42 35 31 35 4 39 39 5 42 23 23 23 35
19 19 1 19 1 19 1 19 1 19 22 22 21 1 22 19 22 1 19 21
25 23 25 23 1 23 21 23 23 1 23 1 23 1 23 1 23 1 23 1
25 14 42 11 25 25 39 25 21 35 31 39 30 42 25 42 6 0 39 32
35 9 39 30 42 25 42 35 31 39 30 42 35 4 39 41 42 25 42 25
35 9 39 30 42 25 42 35 31 39 30 42 35 4 39 41 42 25 42 25
42 11 25 8 14 42 25 14 11 25 25 17 11 25 25 39 25 21 35 4
23 1 22 21 1 5 42 23 35 4 39 41 42 25 42 0 39 1 33 23
35 9 39 30 42 25 42 35 31 39 30 42 35 4 39 41 42 25 42 25
1 23 1 23 1 23 1 23 1 23 1 23 21 23 1 23 23 23 1 23
21 0 39 1 23 1 22 21 1 5 42 23 23 0 39 1 33 23 10 19
35 9 39 30 42 25 42 35 31 39 30 42 35 4 39 41 42 25 42 25
23 35 9 39 30 42 25 42 35 31 35 4 39 39 30 42 41 42 25 42
39 1 35 31 39 30 42 25 42 6 0 39 32 42 26 39 13 42 36 39
23 35 9 39 30 42 25 42 35 31 39 30 42 35 4 39 41 42 25 42
0 35 31 39 30 42 25 42 6 0 39 32 42 26 39 13 42 36 39 25
21 1 23 25 23 1 23 1 23 1 23 1 23 1 23 1 23 1 23 21
19 22 21 1 22 19 19 19 22 22 21 1 22 19 19 19 1 19 1 22
1 19 1 22 1 19 19 1 19 1 19 1 19 22 19 22 19 1 19 19
1 23 1 1 22 21 21 1 5 42 23 35 4 39 41 42 25 42 0 39
1 19 19 19 22 22 1 19 22 21 1 19 19 19 19 19 1 22 19 1
23 35 4 39 41 42 25 42 0 39 1 23 1 22 21 1 17 24 39 21
35 31 39 30 42 25 42 6 0 39 32 42 26 39 13 42 36 39 25 17
23 25 1 23 22 21 1 23 1 22 21 1 23 22 21 1 24 39 17 21
19 1 19 21 19 1 19 1 19 1 19 19 1 22 19 1 19 1 22 21
35 31 39 30 42 25 42 6 0 39 32 42 26 39 13 42 36 39 25 17
21 1 34 14 14 0 39 1 23 1 22 21 1 5 42 23 23 0 39 1
1 23 1 23 1 23 1 23 1 23 1 23 21 23 21 23 23 35 4 39
19 1 23 1 23 1 23 1 23 1 23 1 23 1 23 21 23 23 1 23
35 9 39 30 42 25 42 35 31 39 30 42 35 4 39 41 42 25 42 25
35 9 39 30 42 25 42 35 31 39 30 42 35 4 39 41 42 25 42 25
11 25 8 14 42 25 14 42 11 25 25 39 11 14 42 25 42 25 39 1
39 15 42 11 25 8 14 42 25 14 42 11 25 8 14 42 25 39 11 25
11 25 8 14 42 25 14 42 11 25 8 14 42 25 39 11 25 8 14 14
35 37 34 14 42 0 39 1 23 1 22 21 1 5 42 23 23 0 39 1
21 1 23 23 0 39 1 33 23 10 19 1 22 21 1 19 19 19 19 22
42 11 25 8 14 42 25 42 11 25 8 14 42 25 14 42 11 25 8 14
39 15 42 11 25 8 14 42 25 42 11 25 8 14 42 25 14 42 11 25
35 9 39 30 42 25 42 35 31 39 30 42 35 4 39 41 42 25 42 25
35 9 39 30 42 25 42 35 31 39 30 42 35 4 39 41 42 25 42 25
35 9 39 30 42 25 42 35 31 39 30 42 35 4 39 41 42 25 42 25
22 19 22 21 1 19 19 19 22 22 22 22 21 1 22 19 19 19 19 22
6 0 39 32 42 2 2 3 39 35 4 39 35 4 39 41 42 25 42 35
23 35 9 39 30 42 25 42 35 31 39 30 42 35 4 39 41 42 25 42
19 7 21 35 4 39 30 42 25 42 21 0 39 1 23 1 22 1 23 21
23 22 21 1 23 25 23 1 23 1 23 1 23 1 23 1 23 1 23 1
35 9 39 30 42 25 42 35 31 39 30 42 35 4 39 41 42 25 42 25
25 25 42 11 25 8 14 42 25 14 42 11 25 8 14 42 25 39 11 25
25 8 14 14 42 25 21 20 39 39 35 37 34 25 30 14 14 0 39 1
19 1 19 1 19 19 22 22 21 1 19 19 19 19 1 19 22 19 22 19
6 0 39 32 42 2 2 3 39 39 39 16 42 12 39 18 42 12 39 15
23 35 9 39 30 42 25 42 35 31 39 30 42 35 4 39 41 42 25 42
6 0 39 32 42 2 2 3 39 39 39 16 42 12 18 42 12 39 15 42
1 19 1 22 1 22 21 1 22 19 19 19 19 1 22 19 19 21 19 8
35 31 39 30 42 25 42 6 0 39 32 42 26 39 13 42 36 39 25 17
19 19 1 19 19 19 1 19 19 1 19 22 1 19 22 22 19 1 19 22
23 35 9 39 30 42 25 42 35 31 39 30 42 35 4 39 41 42 25 42
25 14 42 25 21 20 39 35 37 39 14 0 39 1 30 14 14 0 39 1
1 23 1 23 1 23 1 23 1 23 21 23 23 1 23 21 23 23 1 23
35 9 39 30 42 25 42 35 31 39 30 42 35 4 39 41 42 25 42 25
25 17 6 0 39 32 42 2 2 3 39 39 39 16 42 12 39 18 42 12
23 21 1 23 23 21 1 22 21 1 19 19 1 19 19 22 19 1 22 22
35 9 39 30 42 25 42 35 31 39 30 42 35 4 39 41 42 25 42 25
19 1 19 1 22 19 19 22 22 21 22 21 1 19 1 22 1 19 19 1
1 23 1 23 1 23 1 23 1 23 23 1 23 21 1 23 23 21 1 23
25 25 14 42 11 25 25 39 25 21 35 31 39 30 42 25 42 6 0 39
35 31 39 30 42 25 42 6 0 39 32 42 26 39 13 42 36 39 25 17
23 1 22 21 1 23 25 23 1 23 1 23 1 23 1 23 1 23 1 23
1 23 1 23 1 23 1 23 1 23 1 23 1 23 21 1 23 23 1 22
21 1 23 23 0 39 1 33 23 10 19 22 21 22 21 1 19 19 19 19
39 1 23 1 22 21 21 1 5 42 23 23 0 39 1 33 23 10 19 22
25 11 25 14 42 25 21 20 39 39 35 37 39 30 42 25 42 25 42 34
6 0 39 32 42 2 2 3 39 39 39 21 1 23 21 1 23 1 23 1
35 31 39 30 42 25 25 6 1 0 39 1 23 1 22 21 1 5 42 23
22 19 22 1 19 22 19 1 19 1 22 21 21 1 19 19 19 19 19 22
35 9 39 30 42 25 42 35 31 39 30 42 35 4 39 41 42 25 42 25
35 9 39 30 42 25 42 35 31 35 4 39 17 23 35 4 39 41 42 25
35 9 39 30 42 25 42 35 31 39 30 42 35 4 39 41 42 25 42 6
33 23 10 19 22 21 1 19 19 1 22 19 19 1 19 1 19 1 22 22
17 6 0 39 1 33 23 10 19 22 21 1 19 19 19 21 19 1 22 21
41 42 25 42 0 39 1 33 23 10 19 1 19 1 19 1 22 22 21 1
42 11 25 8 14 42 25 14 42 11 25 8 1 23 1 22 21 35 4 39
35 37 34 14 42 0 39 1 14 42 25 42 25 1 23 35 4 39 41 42
22 21 21 1 5 42 23 23 35 4 39 41 42 25 42 0 39 1 33 23
21 1 5 23 23 23 23 1 23 1 23 23 23 23 23 23 23 23 21 23
35 9 39 30 42 25 42 35 31 35 4 39 39 30 42 41 42 25 42 25
14 42 25 39 11 25 8 14 42 25 14 42 11 25 8 14 42 25 39 11
2 3 39 39 39 16 42 12 18 42 12 15 42 11 25 8 14 42 25 11
23 35 4 39 41 42 25 42 0 39 1 33 23 10 19 22 21 1 19 19
35 9 39 30 42 25 42 35 31 39 30 42 35 4 39 41 42 25 42 25
19 19 1 22 19 1 19 22 21 1 19 19 19 19 22 19 1 22 1 22
19 19 1 19 1 19 1 19 21 21 19 1 19 19 22 1 22 21 1 22
1 23 1 23 1 23 1 22 21 1 5 42 23 23 0 39 1 33 23 10
41 42 25 42 0 39 1 33 23 10 19 22 21 1 19 19 19 22 1 19
42 12 39 18 42 12 39 15 42 11 25 8 14 42 25 14 42 11 25 8
1 19 21 1 19 19 19 22 19 22 19 1 19 1 19 1 22 21 21 21
23 35 9 39 30 42 25 42 35 31 35 4 39 39 30 42 35 4 39 1
42 11 25 8 14 42 25 14 11 25 25 17 11 25 8 14 42 25 17 6
35 9 39 30 42 25 42 35 31 39 30 42 35 4 39 41 42 25 42 25
35 31 39 30 42 25 42 6 0 39 32 42 26 39 13 42 36 39 25 17
25 25 39 0 25 1 23 1 22 21 21 1 23 25 23 1 23 1 23 1
35 9 39 30 42 25 42 35 31 39 30 42 35 4 39 41 42 25 42 25
12 15 42 11 25 8 14 42 25 14 42 11 25 8 14 42 25 39 11 25
22 21 1 19 19 19 19 22 1 19 22 21 1 22 19 19 19 19 19 1
34 14 42 0 39 1 23 1 22 21 1 17 24 39 21 1 42 23 35 4
1 23 1 23 1 23 23 1 23 1 23 1 23 21 23 1 23 23 1 14
35 31 39 30 42 25 42 6 0 39 32 42 26 39 13 42 36 39 25 17
35 9 39 30 42 25 42 35 31 39 30 42 35 4 39 41 42 25 42 25
19 1 19 1 19 19 1 19 1 19 1 19 1 19 19 1 22 1 22 21
21 21 1 19 19 19 1 19 22 1 19 1 19 1 19 21 22 19 1 22
42 6 0 39 32 42 26 39 13 42 36 39 25 17 6 0 39 32 42 2
1 23 1 23 1 23 1 23 1 23 1 23 21 23 23 1 23 23 1 23
42 11 25 8 14 42 25 11 25 8 14 42 25 14 42 11 25 8 14 42
22 19 1 19 1 19 1 19 1 22 21 1 22 19 22 1 19 21 21 1
21 1 22 19 22 22 21 1 19 19 19 19 19 22 22 22 1 19 19 22
1 17 21 1 42 23 30 42 35 4 39 41 42 25 42 25 42 39 0 25
23 1 22 21 1 17 24 39 21 1 42 23 35 4 39 41 42 25 42 35
21 1 23 23 35 4 39 41 42 25 42 1 0 39 1 33 23 10 19 1
35 9 39 30 42 25 42 35 31 35 4 39 39 30 42 41 42 25 42 25
25 25 17 11 25 25 39 25 21 35 31 39 30 42 25 42 6 0 39 32
35 9 39 30 42 25 42 35 31 35 24 39 17 35 4 39 41 42 25 42
19 1 22 21 1 19 19 19 1 19 1 19 19 22 22 19 22 22 19 1
0 21 1 22 21 1 19 19 19 19 22 21 21 19 19 19 19 19 1 19
19 1 19 1 19 1 19 1 19 1 19 1 19 22 21 1 19 19 19 1
35 9 39 30 42 25 42 35 31 39 30 42 35 4 39 41 42 25 42 25
35 9 39 30 42 25 42 35 31 39 30 42 35 4 39 41 42 25 42 25
39 1 35 31 39 30 42 25 42 6 0 39 32 42 26 39 13 42 36 39
1 22 22 19 19 22 19 19 1 19 1 19 19 1 19 1 27 21 1 23
19 19 1 19 22 22 1 22 21 1 19 19 21 1 22 19 19 19 19 19
0 39 32 42 2 2 3 39 39 39 16 42 12 18 42 12 15 42 11 25
11 25 8 14 42 25 11 25 25 39 25 42 25 42 23 1 39 1 39 1
42 0 39 1 23 1 22 1 23 1 23 1 23 1 23 1 23 1 23 23
35 31 39 30 42 25 42 6 0 39 32 42 26 39 13 42 36 39 25 17
0 39 1 23 1 22 21 1 5 42 23 23 0 39 1 33 23 10 19 7
1 23 1 22 21 21 1 5 42 23 23 0 39 1 33 23 10 19 22 21
23 35 9 39 30 42 25 42 35 31 35 4 39 39 30 42 41 42 25 42
35 31 39 30 42 25 42 6 0 39 32 42 26 39 13 42 36 39 25 17
35 31 39 30 42 25 42 6 0 39 32 42 26 39 13 42 36 39 25 39
19 22 1 22 21 1 19 19 19 1 22 22 1 22 21 19 19 1 19 22
42 11 25 8 14 42 25 14 42 11 25 8 14 42 25 39 11 25 8 14
35 9 39 30 42 25 42 35 31 35 4 39 39 30 42 41 42 25 42 25
35 31 35 30 42 25 42 6 0 39 32 42 2 2 3 39 39 39 16 42
19 1 19 22 19 1 22 21 1 19 19 19 22 22 22 22 22 19 1 19
21 0 39 1 23 1 22 21 21 1 5 42 23 23 0 39 1 33 23 10
19 1 19 1 19 22 1 19 1 19 22 1 19 21 1 19 1 19 1 22
19 21 22 19 1 22 21 1 19 19 19 1 19 1 19 1 22 1 22 21
42 25 42 11 25 8 14 42 25 14 42 11 25 8 14 42 25 39 11 25
35 9 39 30 42 25 42 35 31 39 30 42 35 4 39 41 42 25 42 25
23 35 4 39 41 42 25 42 0 39 1 23 1 22 21 1 5 42 23 23
35 31 39 30 42 25 42 6 0 39 32 42 26 39 13 42 36 39 25 17
0 39 1 41 42 25 42 0 39 1 23 1 22 21 1 33 23 10 19 22
35 9 39 30 42 25 42 35 31 39 30 42 35 4 39 41 42 25 42 25
21 0 39 1 23 1 22 21 1 5 42 23 23 0 39 1 33 23 10 19
14 42 25 11 25 25 39 25 21 35 4 39 41 42 25 42 21 0 39 1
21 1 23 23 23 1 23 1 23 1 23 1 23 21 23 23 1 23 1 23
39 1 23 1 23 1 23 1 23 21 23 23 1 23 1 23 1 23 1 23
35 9 39 30 42 25 42 35 31 39 30 42 35 4 39 41 42 25 42 25
0 25 1 23 1 22 21 1 23 25 42 25 42 35 37 24 39 39 30 14
42 0 39 1 23 1 22 21 1 5 42 23 23 35 4 39 41 42 25 42
1 23 1 23 1 23 1 23 1 23 21 23 23 1 23 22 21 21 1 23
35 9 39 30 42 25 42 35 31 35 4 39 39 30 42 35 4 39 41 42
39 15 42 11 25 8 14 42 25 14 42 11 25 8 14 42 25 39 11 25
1 23 1 23 1 23 1 22 21 21 1 42 23 24 39 35 4 39 41 42
6 0 39 32 42 2 2 3 39 39 39 16 42 12 18 42 12 39 15 42
19 19 1 19 1 19 1 19 1 19 19 1 22 19 1 22 21 21 1 23
35 9 39 30 42 25 42 35 31 39 30 42 35 4 39 41 42 25 42 25
22 19 22 8 27 21 21 1 23 23 35 4 39 41 42 25 42 21 0 39
39 1 23 1 23 1 23 1 23 1 23 1 23 1 23 1 23 1 23 21
21 1 5 23 23 23 23 23 21 23 23 23 21 23 23 1 23 1 23 23
6 0 39 32 42 2 3 2 39 39 16 42 12 18 42 12 15 42 11 25
19 1 22 1 27 23 1 23 1 23 23 1 23 1 23 23 1 23 1 23
35 9 39 30 42 25 42 35 31 39 30 42 35 4 39 41 42 25 42 25
25 42 11 25 8 14 42 25 14 11 25 25 17 25 21 35 9 39 1 41
39 1 23 1 22 21 21 1 5 42 23 23 35 4 39 22 39 1 23 1
35 9 39 30 42 25 42 35 31 39 30 42 35 4 39 41 42 25 42 25
35 31 39 30 42 25 42 6 0 39 32 42 26 39 13 42 36 39 25 17
35 9 39 30 42 25 42 35 31 39 30 42 35 4 39 41 42 25 42 25
22 1 19 19 1 19 1 19 22 21 1 19 19 19 19 22 22 22 21 21
1 23 1 23 1 22 21 21 1 5 42 23 23 35 4 39 41 42 25 42
23 1 22 21 1 24 39 21 1 42 23 35 4 39 41 42 25 42 35 37
35 9 39 30 42 25 42 35 31 35 4 39 39 30 42 25 25 6 1 0
35 31 39 30 42 25 42 6 0 39 32 42 26 39 13 42 36 39 25 17
39 41 42 25 42 0 39 1 33 23 10 19 22 21 1 33 23 10 19 22
