39 39 39 1 35 9 39 30 42 25 42 35 31 39 30 42 35 40 39 41
42 25 42 25 42 11 25 8 14 42 25 14 11 25 25 17 11 25 25 39
25 21 11 25 25 17 11 25 25 39 25 21 35 31 39 30 42 25 42 6
0 39 32 42 26 39 13 42 36 39 32 42 2 2 3 39 39 39 16 42
12 39 18 42 12 39 15 42 11 25 8 14 42 25 14 42 11 25 8 14
42 25 39 11 25 8 14 14 42 25 21 20 39 39 35 37 34 25 30 14
14 0 39 1 23 1 22 21 21 17 21 1 42 23 24 39 35 4 39 41
42 25 42 21 0 39 1 23 1 22 21 21 1 5 42 23 23 0 39 1
33 23 10 19 22 21 1 19 19 19 19 19 22 21 21 21 21 21 19 19
19 19 19 22 19 1 22 19 22 19 19 1 19 1 19 19 19 19 19 1
19 21 21 1 22 19 19 19 19 19 1 19 19 1 19 1 19 22 19 19
1 22 21 21 21 22 19 19 19 19 19 1 19 19 22 22 22 19 19 1
19 1 22 21 21 1 22 19 19 19 22 22 1 22 19 19 22 22 19 19
1 19 22 19 21 21 19 19 22 1 19 19 21 19 19 19 19 29 27 21
21 21 23 21 1 23 23 21 21 11 25 8 14 42 25 42 11 25 25 39
0 25 1 23 1 22 21 21 21 23 25 23 1 23 1 23 1 23 1 23
35 9 39 30 42 25 42 35 31 35 4 39 39 30 42 41 42 25 42 25
42 11 25 8 14 42 25 14 11 25 25 17 11 25 25 39 25 21 11 25
25 17 11 25 25 39 25 21 35 31 39 30 42 25 25 6 1 0 39 32
42 26 39 13 42 36 39 32 42 2 2 3 39 39 39 16 42 12 18 42
12 15 42 11 25 8 14 42 25 14 42 11 25 8 14 42 25 39 11 25
8 14 14 42 25 21 20 39 39 35 37 39 30 14 34 14 42 0 39 1
23 22 21 21 1 17 21 1 42 23 24 39 35 4 39 41 42 25 42 21
0 39 1 23 1 22 21 21 1 5 42 23 23 0 39 1 33 23 10 19
22 21 1 19 19 19 19 1 22 22 1 22 21 21 21 19 19 19 19 19
1 19 1 19 19 1 19 19 1 19 22 1 19 19 19 19 19 1 19 21
21 1 22 19 19 19 19 19 22 19 19 1 19 1 19 19 1 19 22 21
21 21 1 22 19 19 19 19 19 22 19 22 19 21 21 21 19 19 19 19
21 21 22 19 19 19 19 19 1 19 21 21 1 19 19 19 19 22 19 22
21 21 19 19 19 22 19 1 19 1 22 22 1 19 19 8 27 21 21 1
23 21 1 23 1 23 21 1 11 25 8 14 42 25 42 11 25 25 39 0
25 1 23 22 21 21 21 1 23 25 23 1 23 1 23 1 23 1 23 1
39 1 35 9 39 30 42 25 42 35 31 39 30 42 35 4 39 41 42 25
42 25 42 11 25 8 14 42 25 14 42 11 25 25 39 11 14 25 42 25
17 25 21 11 25 25 39 14 42 11 25 25 17 25 21 35 31 39 30 42
25 42 6 0 39 32 42 26 39 13 42 36 39 25 17 6 0 39 32 42
2 2 3 39 39 39 16 42 12 18 42 12 15 42 11 25 8 14 42 25
14 42 11 25 8 14 42 25 39 11 25 8 14 14 42 25 21 20 39 39
35 37 34 14 42 0 39 1 23 1 22 21 21 39 30 42 25 42 21 1
42 23 24 39 21 0 39 1 23 1 22 21 21 21 1 23 23 35 4 39
41 42 25 42 0 39 1 33 23 10 19 22 21 1 19 19 19 19 22 1
22 22 21 21 21 1 19 19 19 19 19 19 1 19 1 19 1 19 19 22
19 21 21 21 21 19 19 19 19 19 22 19 1 19 19 1 19 1 19 1
19 1 22 21 21 1 19 19 19 19 22 19 1 19 1 19 1 19 1 19
1 19 1 19 21 21 19 21 19 19 19 19 19 21 1 19 19 19 22 1
22 19 21 1 19 21 19 1 22 19 19 19 21 1 19 19 19 19 22 19
19 22 19 21 1 22 22 21 22 19 19 19 21 1 19 19 19 1 19 1
22 19 22 19 1 19 1 19 21 1 22 19 22 19 22 1 19 19 19 19
22 19 19 1 19 8 7 21 21 21 21 23 21 1 23 21 23 21 11 25
8 14 42 25 14 42 11 25 25 39 14 0 39 1 23 1 22 21 21 1
35 9 39 30 42 25 42 35 31 39 30 42 35 4 39 41 42 25 42 25
42 11 25 8 14 42 25 11 25 25 39 14 14 14 11 25 25 17 25 21
39 1 11 25 25 39 14 42 11 25 25 17 25 21 35 31 39 30 42 25
42 6 0 39 32 42 26 39 13 42 36 39 25 17 6 0 39 32 42 2
2 3 39 39 39 16 42 12 18 42 12 15 42 11 25 8 14 42 25 14
42 11 25 8 14 42 25 39 11 25 8 14 14 42 25 21 20 39 39 0
34 42 38 37 39 30 14 14 0 39 1 23 22 21 21 1 17 24 39 21
1 42 23 21 0 39 1 23 1 22 21 21 1 5 42 23 35 4 39 23
41 42 25 42 0 39 1 33 23 10 19 22 21 1 19 19 19 19 19 22
21 21 21 21 21 19 19 19 19 19 19 1 19 19 1 19 1 19 19 1
22 21 21 21 1 19 19 19 19 19 22 19 22 19 1 19 1 19 21 22
19 22 21 21 22 19 19 19 19 1 19 21 19 1 19 1 19 22 22 19
22 19 22 21 1 22 19 19 19 22 19 1 19 1 22 19 1 19 21 19
21 19 19 19 21 1 22 19 19 19 22 19 22 1 19 19 1 19 21 22
22 19 1 19 1 19 21 19 22 19 19 19 19 1 22 19 22 22 19 1
22 22 19 1 22 19 21 1 19 19 22 22 19 19 1 19 22 19 22 19
22 19 8 7 21 21 21 1 23 21 1 23 23 21 21 11 25 8 14 42
25 14 42 11 25 25 39 14 0 39 1 23 1 22 21 21 1 28 14 23
35 9 39 30 42 25 42 35 31 39 30 42 35 4 39 41 42 25 42 25
42 11 25 8 14 42 25 14 11 25 25 17 11 25 25 17 25 21 11 25
25 17 11 25 25 39 25 21 35 31 39 30 42 25 25 6 1 0 39 32
42 26 39 13 42 36 39 25 17 6 0 39 32 42 2 2 3 39 39 39
16 42 12 39 18 42 12 39 15 42 11 25 8 14 42 25 14 42 11 25
8 14 42 25 39 35 25 8 14 14 25 21 20 39 39 35 37 39 30 14
34 14 42 0 39 1 17 23 22 21 21 21 21 42 23 24 39 35 4 39
41 42 25 42 21 0 39 1 23 1 22 21 21 1 5 42 23 23 0 39
1 33 23 10 19 22 21 1 19 19 19 19 22 21 19 21 21 21 21 19
19 19 19 22 19 1 19 19 1 19 22 21 22 19 19 21 21 1 19 19
19 19 19 1 19 21 1 19 1 19 19 1 19 19 22 22 21 21 19 19
19 22 21 19 19 19 22 19 1 19 22 1 19 19 21 21 1 19 19 1
19 22 19 22 19 22 19 22 19 1 22 19 19 22 21 21 22 19 19 19
22 19 22 1 19 1 19 19 21 19 19 1 19 22 22 21 1 22 19 19
1 22 19 8 27 21 21 23 21 1 23 23 21 21 11 25 8 14 42 25
42 11 25 25 39 0 25 1 23 1 22 21 21 21 23 25 23 1 23 1
35 9 39 30 42 25 42 35 31 39 30 42 35 4 39 41 42 25 42 25
42 11 25 8 14 42 25 14 11 25 25 39 11 25 25 17 25 21 11 25
25 17 11 25 25 39 25 21 35 31 39 30 42 25 25 6 1 0 39 32
42 26 39 13 42 36 39 32 42 2 2 3 39 39 16 42 12 18 42 12
39 15 42 11 25 8 14 42 25 14 42 11 25 8 14 42 25 39 11 25
8 14 14 42 25 21 20 39 39 35 37 34 25 30 14 14 0 39 1 17
23 22 21 21 21 21 42 23 24 39 35 4 39 41 42 25 42 21 0 39
1 23 1 22 21 21 1 5 42 23 23 0 39 1 33 23 10 19 22 21
1 19 19 19 19 19 22 21 21 21 21 21 19 19 19 19 19 22 19 1
19 22 19 19 1 19 21 21 21 1 19 19 19 19 19 22 19 22 19 22
19 1 19 1 19 22 22 21 21 21 19 19 19 19 19 1 22 22 19 19
1 19 1 19 1 19 21 19 21 21 22 19 19 19 1 19 1 19 22 19
22 21 19 22 19 22 19 21 19 21 22 19 1 19 19 19 21 1 19 19
19 19 22 19 19 1 19 1 22 21 21 22 19 19 1 19 21 27 21 23
21 1 23 23 21 21 11 25 8 14 42 25 42 11 25 25 39 0 25 1
35 31 39 30 42 25 42 6 0 39 32 42 26 39 13 42 36 39 25 17
6 0 39 32 42 2 2 3 39 39 39 16 42 12 18 42 12 39 15 42
11 25 8 14 42 25 14 42 11 25 8 14 42 25 39 11 25 8 14 14
42 25 21 20 39 39 0 34 14 42 0 39 1 23 1 22 21 21 38 37
39 30 14 21 1 42 23 17 24 39 35 4 39 41 42 25 42 21 0 39
1 23 22 21 21 21 5 42 23 23 0 39 1 33 23 10 19 22 21 1
19 19 19 19 19 22 21 21 21 21 21 19 19 19 19 19 22 19 19 1
19 1 19 19 22 22 21 21 21 1 19 19 19 19 1 19 21 19 1 19
1 19 19 1 19 19 1 22 22 21 1 22 19 19 19 21 1 19 19 19
19 19 1 19 22 22 21 1 19 22 22 1 22 19 19 21 19 19 19 19
19 1 22 22 22 22 1 19 21 19 19 21 22 19 1 19 1 19 19 19
19 1 19 1 19 1 19 21 19 21 1 19 22 22 19 22 19 1 19 19
19 21 19 22 22 19 1 19 1 19 1 19 21 19 21 19 1 19 1 19
19 19 22 22 21 19 19 19 19 22 8 7 21 21 21 23 21 1 23 23
21 21 11 25 8 14 42 25 14 42 11 25 25 39 14 0 39 1 23 1
22 21 21 42 1 28 25 42 23 23 1 23 21 23 23 1 23 21 23 23
39 39 39 39 39 39 39 1 35 31 39 30 42 25 42 6 0 39 32 42
26 39 13 42 36 39 32 42 2 2 3 39 39 39 16 42 12 39 18 42
12 39 15 42 11 25 8 14 42 25 14 42 11 25 8 14 42 25 39 11
25 8 14 14 42 25 21 20 39 39 0 34 42 38 37 39 14 0 39 1
30 14 23 1 22 21 21 24 39 17 21 1 42 23 35 4 39 41 42 25
42 21 0 39 1 23 22 21 21 21 5 42 23 23 0 39 1 33 23 10
19 22 21 1 19 19 19 19 19 1 22 21 21 21 21 1 19 19 22 19
19 1 19 1 19 19 22 19 22 19 19 21 21 21 1 19 19 19 19 19
1 19 19 22 19 1 19 19 1 19 22 21 21 21 1 22 19 19 19 19
19 1 22 19 19 1 19 1 22 19 19 21 19 21 21 1 22 19 19 1
19 1 19 1 19 22 19 19 1 19 19 1 22 21 1 19 19 21 22 19
19 1 19 21 19 19 19 19 22 19 22 19 21 19 19 21 21 1 19 22
19 19 19 19 1 19 19 1 19 1 19 21 19 19 21 19 21 21 1 19
1 19 19 19 19 21 19 19 1 19 1 22 19 22 1 19 7 21 21 1
23 21 1 23 23 21 21 11 25 8 14 42 25 11 14 25 42 25 39 14
0 39 1 23 1 22 21 21 1 28 14 23 25 23 1 23 21 23 23 1
35 31 39 30 42 25 42 6 0 39 32 42 26 39 13 42 36 39 25 17
6 0 39 32 42 2 2 3 39 39 39 16 42 12 39 18 42 12 39 15
42 11 25 8 14 42 25 14 42 11 25 8 14 42 25 39 11 25 8 14
14 42 25 21 20 39 39 0 34 42 38 37 42 25 0 39 1 30 14 23
22 21 21 1 17 24 39 21 1 42 23 35 4 39 41 42 25 42 21 0
39 1 23 22 21 21 21 5 42 23 23 0 39 1 33 23 10 19 22 21
1 19 19 19 19 19 22 21 21 21 21 21 19 19 19 19 19 22 19 19
1 19 1 19 19 1 19 21 21 21 21 19 19 19 19 19 22 22 19 19
1 19 1 19 22 22 19 21 21 21 22 19 19 19 19 21 19 22 19 22
22 19 22 1 19 19 19 21 21 1 22 19 19 19 19 21 19 1 19 19
21 19 1 19 19 1 19 1 19 21 21 19 19 19 19 22 21 19 1 19
19 22 22 19 1 19 22 19 22 21 21 19 19 1 19 19 22 19 22 1
19 19 1 19 1 19 1 19 1 19 21 21 22 19 19 1 19 19 1 19
1 19 22 19 22 19 1 19 1 19 7 21 21 21 23 21 1 23 23 21
21 11 25 8 14 42 25 14 42 11 25 25 39 14 0 39 1 23 1 22
35 31 39 30 42 25 42 6 0 39 32 42 26 39 13 42 36 39 25 17
6 0 39 32 42 2 2 3 39 39 39 16 42 12 18 42 12 39 15 42
11 25 8 14 42 25 14 42 11 25 8 14 42 25 39 11 25 8 14 14
42 25 21 20 39 39 35 37 34 25 30 14 14 0 39 1 23 22 21 21
1 17 21 1 42 23 24 39 21 0 39 1 23 22 21 21 21 5 42 23
23 35 4 39 41 42 25 42 0 39 1 33 23 10 19 22 21 1 19 19
19 19 22 21 19 21 21 21 21 19 19 19 19 19 19 1 19 22 19 22
19 1 19 22 21 21 21 1 19 19 19 19 19 19 1 22 22 19 1 19
1 19 21 21 1 19 19 21 22 19 19 22 22 19 21 19 1 19 1 19
19 19 1 19 19 22 22 21 1 22 19 19 19 1 19 22 19 22 21 1
19 19 19 21 1 19 19 19 21 1 19 19 19 22 19 1 22 19 1 22
1 19 1 19 19 21 19 19 19 21 21 19 19 19 19 19 1 22 22 21
1 19 19 19 19 22 19 22 21 21 22 19 19 19 22 22 19 1 19 21
1 19 19 19 1 22 19 22 7 21 21 23 21 1 23 23 21 21 11 25
8 14 42 25 14 42 11 25 25 39 14 0 39 1 23 1 22 21 21 1
35 9 39 30 42 25 42 35 31 39 30 42 35 4 39 41 42 25 42 25
42 11 25 8 14 42 25 11 25 25 39 14 14 14 11 25 25 17 25 21
11 25 25 39 14 42 11 25 25 17 25 21 35 31 39 30 42 25 25 6
1 0 39 32 42 26 39 13 42 36 39 32 42 2 2 3 39 39 39 16
42 12 39 18 42 12 39 15 42 11 25 8 14 42 25 14 42 11 25 8
14 42 25 39 11 25 8 14 14 42 25 21 20 39 39 35 37 39 30 14
34 14 42 0 39 1 17 23 1 22 21 21 21 1 42 23 24 39 35 4
39 41 42 25 42 0 39 1 33 23 10 19 22 21 1 19 19 19 19 21
21 21 21 19 22 21 19 19 19 19 19 22 19 22 19 22 21 19 19 19
1 19 19 19 19 19 21 19 21 21 22 19 19 19 19 19 1 19 19 22
19 1 19 19 1 19 22 21 21 21 1 22 19 19 19 19 19 1 19 19
22 22 1 19 22 19 1 22 19 21 21 1 22 19 19 1 19 19 1 19
19 1 22 19 1 19 19 1 22 1 19 19 21 21 19 19 19 22 22 19
22 19 19 21 1 19 1 19 22 19 22 21 19 21 23 1 19 19 19 1
19 19 19 21 22 19 1 22 19 19 1 19 21 1 19 21 22 19 19 22
19 22 8 7 21 21 23 21 23 21 11 25 8 14 42 25 14 42 11 25
25 39 14 0 39 1 23 1 22 21 21 1 28 14 23 25 23 21 0 39
1 23 21 1 23 23 23 23 1 23 21 23 23 21 23 23 1 23 1 23
21 23 23 21 23 23 1 23 1 23 21 23 1 23 23 1 23 1 23 1
35 9 39 30 42 25 1 17 35 31 39 30 42 35 4 39 41 42 25 42
25 42 11 25 8 14 42 25 11 25 25 39 11 14 42 25 42 25 21 39
25 14 42 11 25 25 39 14 42 11 25 25 17 25 21 35 31 39 30 42
25 42 6 0 39 32 42 26 39 13 42 36 39 25 17 6 0 39 32 42
2 2 3 39 39 39 16 42 12 18 42 12 15 42 11 25 8 14 42 25
42 11 25 8 14 42 25 39 11 25 8 14 14 42 25 21 20 39 39 35
37 34 25 14 30 14 0 39 1 23 22 21 21 1 17 24 39 21 1 42
23 21 0 39 1 23 22 21 21 21 5 42 23 23 35 4 39 41 42 25
42 0 39 1 33 23 10 19 22 21 1 19 19 19 19 22 19 21 21 21
21 21 19 19 19 19 19 22 19 1 19 19 1 19 19 1 19 21 21 21
21 19 19 19 19 19 22 19 1 19 22 19 22 22 22 19 22 21 21 1
22 19 19 19 19 1 19 1 19 19 22 22 22 19 22 19 1 19 21 21
1 22 19 19 19 19 19 22 22 19 1 19 1 19 1 22 19 22 19 21
21 1 22 19 19 19 22 22 19 22 19 22 22 19 19 1 22 19 1 19
21 21 19 19 19 19 22 22 22 19 1 19 1 19 19 1 19 19 19 21
21 21 1 19 19 19 1 22 19 22 19 21 19 22 19 19 22 22 8 7
21 21 1 23 21 1 23 23 21 21 11 25 8 14 42 25 11 25 14 42
25 39 14 0 39 1 23 1 22 21 21 1 28 14 23 25 23 1 23 21
23 35 9 39 30 42 25 42 35 31 39 30 42 35 4 39 41 42 25 42
25 42 11 25 8 14 42 25 14 11 25 25 17 11 25 25 39 25 21 11
25 25 17 11 25 25 39 25 21 35 31 39 30 42 25 25 6 1 0 39
32 42 26 39 13 42 36 39 32 42 2 2 3 39 39 39 16 42 12 39
18 42 12 39 15 42 11 25 8 14 42 25 14 42 11 25 8 14 42 25
39 11 25 8 14 14 42 25 21 20 39 39 0 34 42 38 37 14 0 39
1 39 30 14 23 1 22 21 21 17 24 39 21 1 42 23 35 4 39 21
0 39 1 41 42 25 42 23 1 22 21 21 1 5 42 23 23 0 39 1
33 23 10 19 22 21 1 19 19 19 19 19 22 21 21 21 21 21 19 19
19 19 19 19 1 19 1 19 19 1 19 22 19 21 21 21 21 19 19 19
19 19 22 19 1 19 19 1 19 22 19 21 19 21 21 21 22 19 19 19
19 1 19 1 19 21 19 1 19 19 22 19 22 22 22 21 1 22 19 19
19 21 22 19 22 19 19 19 1 19 21 1 19 19 1 19 21 1 22 19
19 19 21 19 1 19 19 21 19 1 19 19 19 1 19 21 21 19 1 19
19 22 8 27 21 21 23 21 1 23 21 23 21 11 25 8 14 42 25 42
11 25 25 39 0 25 1 23 1 22 21 21 21 23 25 23 1 23 1 23
35 9 39 30 42 25 42 35 31 39 30 42 35 4 39 41 42 25 42 25
42 11 25 8 14 42 25 14 11 25 25 17 11 25 25 39 25 21 11 25
25 17 11 25 25 39 25 21 35 31 39 30 42 25 42 6 0 39 32 42
26 39 13 42 36 39 32 42 2 3 2 39 39 16 42 12 39 18 42 12
39 15 42 11 25 8 14 42 25 42 11 25 8 14 42 25 17 11 25 8
14 14 25 21 20 39 39 35 37 34 14 25 30 14 0 39 1 23 22 21
21 1 17 24 39 21 1 42 23 35 4 39 41 42 25 42 21 0 39 1
23 1 22 21 21 1 5 42 23 23 0 39 1 33 23 10 19 22 21 1
19 19 19 19 22 1 22 22 21 21 21 1 19 19 19 19 19 1 19 22
19 22 19 19 1 19 22 21 21 21 1 19 19 19 19 19 22 19 19 1
19 22 22 19 22 22 22 21 21 1 19 19 19 19 22 1 19 1 19 1
19 1 19 22 22 19 1 19 21 19 21 1 19 19 19 22 22 19 22 19
22 1 19 19 19 22 22 21 19 21 1 22 19 19 19 19 1 19 21 22
22 19 19 19 1 19 19 1 22 22 21 1 22 19 19 19 21 27 21 1
23 21 1 23 23 21 21 11 25 8 14 42 25 42 11 25 25 39 0 25
35 31 39 30 42 25 42 6 0 39 32 42 26 39 13 42 36 39 25 17
6 0 39 32 42 2 2 3 39 39 39 16 42 12 18 42 12 15 42 11
25 8 14 42 25 14 42 11 25 8 14 42 25 39 11 25 8 14 42 25
42 25 21 20 39 35 37 39 14 0 39 1 30 14 23 1 22 21 21 17
21 1 34 14 23 24 39 21 0 39 1 23 1 22 21 21 35 4 39 1
5 42 23 23 41 42 25 42 0 39 1 33 23 10 19 22 21 1 19 19
19 19 21 22 19 21 21 21 21 19 19 19 19 19 22 19 22 19 22 19
19 1 19 21 21 21 21 19 19 19 19 19 22 19 1 19 22 19 1 19
1 19 1 19 21 21 21 19 19 19 19 19 19 19 19 19 19 19 22 21
19 19 19 19 22 19 1 22 19 19 1 19 19 19 22 21 21 21 1 19
19 1 19 1 19 19 19 1 19 19 21 1 19 19 22 19 22 21 21 22
19 19 19 19 21 19 1 19 22 19 22 19 22 19 22 22 22 21 1 22
19 19 22 19 22 19 1 19 22 19 22 19 1 19 1 19 1 22 22 21
19 7 21 1 23 21 1 23 23 21 21 11 25 8 14 42 25 14 42 11
25 25 39 14 0 39 1 23 1 22 21 21 1 28 14 23 25 23 1 23
35 31 39 30 42 25 25 6 1 0 39 32 42 26 39 13 42 36 39 25
17 6 0 39 32 42 2 2 3 39 39 39 16 42 12 18 42 12 15 42
11 25 8 14 42 25 14 42 11 25 8 14 42 25 39 11 25 8 14 14
42 25 21 20 39 39 34 14 42 0 39 1 23 1 22 21 21 35 37 21
1 25 23 30 14 24 39 17 35 4 39 21 0 39 1 23 1 22 21 21
1 41 14 5 39 14 23 23 0 39 1 33 23 10 19 22 21 1 19 19
19 19 22 22 22 21 21 21 21 19 19 19 19 19 1 19 19 19 1 19
1 19 19 1 22 21 21 21 1 19 19 19 19 19 22 19 19 1 19 22
19 1 19 1 19 21 21 21 1 22 19 19 19 19 1 19 21 19 22 19
22 19 1 19 19 1 19 21 21 1 22 19 19 19 1 19 21 19 1 19
1 19 19 1 19 21 1 19 19 19 21 1 22 19 19 19 19 1 19 1
19 21 1 19 1 19 1 19 1 19 1 19 22 22 1 19 19 22 8 27
21 21 23 21 1 23 23 21 21 11 25 8 14 42 25 42 11 25 25 39
35 31 39 30 42 25 25 6 1 0 39 32 42 26 39 13 42 36 39 25
17 6 0 39 32 42 2 2 3 39 39 39 16 42 12 18 42 12 39 15
42 11 25 8 14 42 25 14 42 11 25 8 14 42 25 17 25 21 20 39
11 25 8 14 42 25 34 42 35 37 24 39 39 30 14 42 25 42 0 39
1 23 1 22 21 21 21 1 42 23 35 4 39 41 42 25 42 21 0 39
1 23 1 22 21 21 21 1 23 23 0 39 1 33 23 10 19 22 21 1
19 19 19 19 19 1 22 21 21 21 21 1 19 19 19 19 19 19 1 22
19 19 1 19 22 19 22 21 21 21 1 19 19 19 19 19 1 19 22 19
19 22 22 19 22 1 19 21 21 21 22 19 19 19 19 19 1 19 19 1
19 19 19 21 19 19 21 21 21 21 22 19 19 21 19 19 21 19 19 19
19 22 19 22 19 19 21 21 21 19 19 22 1 19 1 19 19 19 19 21
19 21 1 19 19 19 19 21 21 1 19 19 21 19 1 27 21 23 21 1
23 21 23 21 11 25 8 14 42 25 42 11 25 25 39 0 25 1 23 22
39 1 35 31 39 30 42 25 42 6 0 39 32 42 26 39 13 42 36 39
25 17 6 0 39 32 42 2 2 3 39 39 39 16 42 12 39 18 42 12
39 15 42 11 25 8 14 42 25 14 42 11 25 8 14 42 25 39 11 25
8 14 14 42 25 21 20 39 39 0 34 14 42 0 39 1 23 1 22 21
21 38 37 39 30 14 21 1 42 23 17 24 39 21 0 39 1 23 1 22
21 21 1 5 42 23 23 35 4 39 41 42 25 42 0 39 1 33 23 10
19 22 21 1 19 19 19 19 19 1 22 21 21 21 21 1 19 19 19 19
19 1 19 19 19 22 19 19 21 21 1 19 21 21 1 19 19 19 19 19
22 19 22 19 1 22 19 22 19 1 19 21 21 21 22 19 19 19 19 1
19 21 19 22 22 19 19 1 22 19 19 22 21 21 22 19 19 19 19 1
19 21 19 19 21 19 21 19 1 19 19 19 21 21 19 19 19 22 1 19
22 19 1 22 1 19 19 19 19 1 22 19 22 21 21 19 19 19 19 1
19 21 1 19 1 22 19 19 22 19 1 19 19 21 21 22 19 19 19 19
1 19 21 21 19 19 19 19 19 21 19 7 21 21 21 23 21 1 23 23
21 21 11 25 8 14 42 25 14 42 11 25 25 39 14 0 39 1 23 1
22 21 21 1 28 14 23 25 23 1 23 21 23 23 1 23 21 23 23 21
35 9 39 30 42 25 25 1 35 31 39 30 42 35 4 17 41 42 25 25
42 11 25 8 14 42 25 11 25 42 25 25 42 11 25 25 39 25 21 11
25 25 17 11 25 25 39 25 21 35 31 39 30 42 25 42 6 0 39 32
42 26 39 13 42 36 39 32 42 2 2 3 39 39 39 16 42 12 39 18
42 12 39 15 42 11 25 8 14 42 25 14 42 11 25 8 14 42 25 39
11 25 8 14 14 42 25 21 20 39 39 35 37 39 30 42 25 14 42 0
39 1 34 42 23 1 22 21 21 21 1 42 23 24 39 35 4 39 41 21
14 0 39 25 1 23 22 21 21 21 5 42 23 23 0 39 1 33 23 10
19 22 21 1 19 19 19 19 19 21 22 21 21 21 21 19 19 19 19 19
19 1 19 1 19 22 19 19 1 19 21 19 19 19 19 22 19 1 22 21
1 22 19 19 19 19 19 22 19 22 19 22 19 19 1 19 22 21 21 21
1 22 19 19 19 19 19 1 19 1 19 19 1 22 19 22 19 22 22 21
21 1 22 19 19 22 19 19 22 19 21 19 1 19 19 21 19 1 19 22
22 21 19 19 19 22 22 19 22 19 21 19 22 19 27 21 21 1 23 21
1 23 1 23 21 1 11 25 8 14 42 25 42 11 25 25 39 0 25 1
35 9 39 30 42 25 42 35 31 39 30 42 35 4 39 41 42 25 42 25
42 11 25 8 14 42 25 14 11 25 25 17 11 25 25 39 25 21 11 25
25 17 11 25 25 39 25 21 35 31 39 30 42 25 25 6 1 0 39 32
42 26 39 13 42 36 39 32 42 2 2 3 39 39 39 16 42 12 18 42
12 15 42 11 25 8 14 42 25 14 42 11 25 8 14 42 25 39 11 25
8 14 14 42 25 21 20 39 39 35 37 39 30 42 25 42 34 14 42 0
39 1 23 22 21 21 1 24 39 21 1 42 23 35 4 39 41 42 25 42
21 0 39 1 23 1 22 21 21 1 5 42 23 23 0 39 1 33 23 10
19 22 21 1 19 19 19 19 19 22 21 21 21 21 21 19 19 19 19 22
19 1 19 22 19 19 22 19 19 21 21 21 21 19 19 19 19 19 19 1
19 1 19 22 19 22 19 1 19 21 21 21 1 19 19 19 19 22 22 22
19 1 19 1 19 19 1 22 22 19 1 19 21 21 19 19 19 1 19 1
22 22 19 21 19 19 19 19 1 22 22 22 22 1 22 19 19 19 1 19
22 22 21 19 19 19 21 19 19 1 19 19 21 21 22 19 19 19 27 21
21 1 23 21 1 23 23 21 21 11 25 8 14 42 25 42 11 25 25 39
0 25 1 23 22 21 21 21 1 23 25 23 1 23 1 23 1 23 1 23